structure(c(0.082, 0.2192, 0.2232, 0.1672, 0.0158, 0.0458, 0.8498, 
0.885, 0.4724, 0.2378, 0.672, 0.7396, 0.1568, 0, 0.0014, 0.973, 
0.0018, 0.4764, 0.057, 0.3624, 0.6944, 0.8772, 0.2572, 0.4806, 
2e-04, 0, 0.6116, 0.2386, 0, 0.2986, 0.2082, 0.1706, 0.5946, 
0.012, 0.9178, 0.83), .Names = c("np12.04 1017", "np12.07 1017", 
"np13.10 1017", "np2.07 1000", "np2.08 996", "np2.10 996", "np2.13 1007", 
"np2.21 1000", "np2.27 1023", "np2.31 11", "np2.34 1000", "np2.4 1023", 
"np3.09 1008", "np3.12 1000", "np3.36 1000", "np4.08 1023", "np4.13 1008", 
"np4.18 T6", "np4.30 996", "np4.33 996", "np4.36 11", "np4.37 1008", 
"np5.05 1023", "np5.25 996", "np5.28 1008", "np5.29 11", "np6.09 1008", 
"np6.19 T6", "np6.29 11", "np6.38 1023", "np7.05 1017", "np7.06 1017", 
"np7.07 1000", "np7.39 11", "np8.22 T6", "np9.21 T6"))
