structure(c(0.7668, 0.0376, 0.5978, 0.324, 0.002, 0.621, 0.9908, 
0.6732, 0.0184, 0.0632, 0.3886, 0.6522, 0.6498, 2e-04, 0.001, 
0.882, 0, 0.506, 0.1096, 0.7654, 0.0032, 0.991, 0.1008, 0.3342, 
0, 0, 0.317, 0.275, 0, 0.0442, 0.559, 0.1218, 0.0254, 0.0078, 
0.9054, 0.4074), .Names = c("np12.04 1017", "np12.07 1017", "np13.10 1017", 
"np2.07 1000", "np2.08 996", "np2.10 996", "np2.13 1007", "np2.21 1000", 
"np2.27 1023", "np2.31 11", "np2.34 1000", "np2.4 1023", "np3.09 1008", 
"np3.12 1000", "np3.36 1000", "np4.08 1023", "np4.13 1008", "np4.18 T6", 
"np4.30 996", "np4.33 996", "np4.36 11", "np4.37 1008", "np5.05 1023", 
"np5.25 996", "np5.28 1008", "np5.29 11", "np6.09 1008", "np6.19 T6", 
"np6.29 11", "np6.38 1023", "np7.05 1017", "np7.06 1017", "np7.07 1000", 
"np7.39 11", "np8.22 T6", "np9.21 T6"))
