structure(c(-2.04196926818186, -2.00083455433999, NA, 0.0378501664813149, 
-0.708919448204892, NaN, 0.707733576498623, 1.25331789256514, 
0.656902234292321, NaN, 1.16442578259996, 1.52189469986173, -0.754501081012276, 
0.121959943245379, 2.11714091322838, -1.54288038912929, 0.630994954659934, 
NA, -0.930304630688081, -1.94473167213541, -0.238278575185933, 
-0.609353185478931, 1.33760651329934, -4.00167972259554, 0.684078576921585, 
-0.177531540243063, -0.328085732552801, -1.04564455908645, 1.37585906352243, 
-0.853062534056015, -2.95654314588015, -1.45054422736579, 0.743340452334438, 
0.831027915274581, 2.4450693027024), .Names = c("np12.4 1017", 
"np12.7 1017", "np13.10 1017", "np2.10 996", "np2.21 1000", "np2.27 1023", 
"np2.31 11", "np2.34 1000", "np2.7 1000", "np2.8 996", "np3.12 1000", 
"np3.36 1000", "np3.9 1008", "np4.13 1008", "np4.18 T6", "np4.23 1023", 
"np4.30 996", "np4.33 996", "np4.36 11", "np4.37 1008", "np4.8 1023", 
"np5.25 996", "np5.28 1008", "np5.29 11", "np6.19 T6", "np6.29 11", 
"np6.38 1023", "np6.5 1023", "np6.9 1008", "np7.39 11", "np7.5 1017", 
"np7.6 1017", "np7.7 1000", "np8.22 T6", "np9.21 T6"))
