structure(c(-1.51869731967121, -0.75865355444349, -0.733920231507341, 
-0.999364893228122, -2.28248142492106, -1.9081267503415, 1.02221986501963, 
1.12174197248486, -0.117286487364213, -0.639147499639138, 0.490413117204383, 
0.67023090088719, -1.03256273591406, -5.62355255834096, -3.34014495312597, 
1.65130594398035, -3.01340219428313, 0.00377310923759962, -1.70432080891885, 
-0.305273810619341, 0.537577155569475, 1.13795164503077, -0.629506170008692, 
0.00883529587847074, -3.57583904852029, -7.39321044128606, 0.354697463010188, 
-0.712962712762851, -6.35411949265537, -0.497172698790109, -0.798111855124319, 
-0.963208261001537, 0.280570627330585, -2.43729047111096, 1.30848958045061, 
0.94246389656006), .Names = c("np12.04 1017", "np12.07 1017", 
"np13.10 1017", "np2.07 1000", "np2.08 996", "np2.10 996", "np2.13 1007", 
"np2.21 1000", "np2.27 1023", "np2.31 11", "np2.34 1000", "np2.4 1023", 
"np3.09 1008", "np3.12 1000", "np3.36 1000", "np4.08 1023", "np4.13 1008", 
"np4.18 T6", "np4.30 996", "np4.33 996", "np4.36 11", "np4.37 1008", 
"np5.05 1023", "np5.25 996", "np5.28 1008", "np5.29 11", "np6.09 1008", 
"np6.19 T6", "np6.29 11", "np6.38 1023", "np7.05 1017", "np7.06 1017", 
"np7.07 1000", "np7.39 11", "np8.22 T6", "np9.21 T6"))
