structure(c(0.727770422922339, -1.86188723543275, 0.301896708100486, 
-0.449684490286766, -3.22641441783151, 0.377520091571585, 1.82736303685153, 
0.490276520883874, -2.22011327602569, -1.66530328861488, -0.212978856650549, 
0.462888301260793, 0.432077612703013, -4.06028712705615, -3.79849573448812, 
1.08366143088815, -4.1922715544145, 0.0852953270493546, -1.26285262504786, 
0.743526350666906, -3.26382553925247, 1.98695115547368, -1.3209304049698, 
-0.366189958456658, -4.29825661476657, -6.8125644567939, -0.443490729075107, 
-0.573494451088978, -6.21513199632459, -1.93815026296718, 0.182059088038996, 
-1.17466376074803, -2.02124159641097, -2.5924431720722, 1.25946224314945, 
-0.138690402565864), .Names = c("np12.04 1017", "np12.07 1017", 
"np13.10 1017", "np2.07 1000", "np2.08 996", "np2.10 996", "np2.13 1007", 
"np2.21 1000", "np2.27 1023", "np2.31 11", "np2.34 1000", "np2.4 1023", 
"np3.09 1008", "np3.12 1000", "np3.36 1000", "np4.08 1023", "np4.13 1008", 
"np4.18 T6", "np4.30 996", "np4.33 996", "np4.36 11", "np4.37 1008", 
"np5.05 1023", "np5.25 996", "np5.28 1008", "np5.29 11", "np6.09 1008", 
"np6.19 T6", "np6.29 11", "np6.38 1023", "np7.05 1017", "np7.06 1017", 
"np7.07 1000", "np7.39 11", "np8.22 T6", "np9.21 T6"))
