structure(c(1.85096373804461, 2.47123810465183, NA, 1.49243104692115, 
0.707732577790639, NaN, 0.60693178901086, 0.976284534211194, 
-0.329975955048777, NA, NA, 0.31167580510715, 1.29783541984152, 
-0.449078222996276, 4.73616061137456, -1.37086156312879, 0.64315662968362, 
NA, 0.207972754307068, 0.637738115545918, -1.36734843382448, 
0.45417924586052, 1.05107478441642, -3.45776029610237, 0.975568690425609, 
0.216935407324606, -0.144829876801696, 0.322625826941222, -0.199912994608697, 
-1.19980316782782, -1.82389601165677, -3.02557454214299, -1.56244494339781, 
1.42558209779209, 1.46111007833476), .Names = c("np12.4 1017", 
"np12.7 1017", "np13.10 1017", "np2.10 996", "np2.21 1000", "np2.27 1023", 
"np2.31 11", "np2.34 1000", "np2.7 1000", "np2.8 996", "np3.12 1000", 
"np3.36 1000", "np3.9 1008", "np4.13 1008", "np4.18 T6", "np4.23 1023", 
"np4.30 996", "np4.33 996", "np4.36 11", "np4.37 1008", "np4.8 1023", 
"np5.25 996", "np5.28 1008", "np5.29 11", "np6.19 T6", "np6.29 11", 
"np6.38 1023", "np6.5 1023", "np6.9 1008", "np7.39 11", "np7.5 1017", 
"np7.6 1017", "np7.7 1000", "np8.22 T6", "np9.21 T6"))
