structure(c(0, 3.00585536446575, -3.43897684250824, 0, 0, 0, 
6.03680156806917, 2.11038906276955, 3.00585536446575, 0, 5.86385132593439, 
0, 5.49691807758061, 7.43469556265968, 9.28655887433476, 0, -3.43897684250824, 
5.86385132593439, 0, 0, 4.78642130641085, 0, 0, 0, 0, 0, 0, 0, 
0, 0, 0, 0, 0, 5.49691807758061, 4.78642130641085, 0, 0, 0, 2.55469953158193, 
0, 0, 7.43469556265968, 0, 0, 0, 0, 2.23139213928762, 2.60982981558184, 
6.03680156806917, 9.28655887433476, 0, 0, 2.55469953158193, 2.23139213928762, 
0, 0, 2.11038906276955, 0, 0, 0, 0, 2.60982981558184, 0, 0), .Dim = c(8L, 
8L), .Dimnames = list(c("xgal", "csub", "xmon", "folio_grey_black", 
"rhino", "chol", "lec", "phy"), c("xgal", "csub", "xmon", "folio_grey_black", 
"rhino", "chol", "lec", "phy")))
