structure(list(conf = list(structure(c(0.261538942335518, 0.057261788413544, 
-0.202548568590716, 0.403101336841947, -0.00716930158181741, 
-0.0195836540017645, -0.778446205380597, 0.0710985472848592, 
0.00248920892547248, 0.273088364634715, -0.105358082897372, 0.833745777893841, 
-0.509039112605895, -0.345554370736124, -0.0437831805026942, 
-0.0542364611452279, -0.149889098983582, 0.0153329461766399, 
0.0977287997358279, -0.454307597381808, -0.0497477543231762, 
0.447424387546273, 0.0225350424038051, -0.0970475325619641, 0.115248659459435, 
0.373569963713661, 0.0248648946341826, -0.141611601723693, 0.0296921088391548, 
-0.392904315709028, -0.0356655886916544, -0.520309984835539, 
0.472881761554508, -0.97488006278637, 0.024779154893006, 0.182372658621171, 
0.0612030134086497, 0.447424387546273, -0.20766575421473, 0.600168139176769, 
0.0518495921489631, 0.203461623758797, -0.185066510495797, 0.0166173642580033, 
-0.0376626717552351, 0.0954047527825478, -0.69807775598275, 0.117322660093285, 
-0.037816245681456, 0.876460828076912, 0.065121941463944, 0.2303449551822, 
-0.0448711061312489, -0.10370329083479, -0.127263180408293, 0.0122887155258173, 
-0.1622133273864), .Dim = c(57L, 1L)), structure(c(-0.20486220577846, 
0.162209196285229, 0.261582509612655, -0.357330533625339, -0.192953366134371, 
-0.197695748564335, -0.795671167427291, 0.198994999411082, 0.159753785920589, 
-0.216136218270937, -0.038094531320502, -0.833745777893841, 0.540617103411615, 
-0.322199013611189, -0.0582080934030649, -0.0691756274130745, 
0.206502524562474, 0.0881624195929138, 0.272909444843615, -0.453409015078295, 
-0.0894505559591725, -0.408862919610016, -0.0183713663690495, 
0.06342593814429, 0.307480337982846, -0.326301208422169, 0.114284768232217, 
0.187110618057905, 0.101622453859642, -0.380512857135356, -0.106965120700388, 
0.54978880830193, -0.43619691057443, 0.97488006278637, 0.0761544283601403, 
-0.104099132829192, 0.140831302200272, 0.448612959708019, 0.288280405310425, 
0.611140913137946, 0.159472014070413, -0.135218019415321, 0.246658795548076, 
0.246810898560422, -0.0412393200692525, 0.281406581075989, -0.699361513828629, 
-0.00309354677489112, 0.0427259657389279, -0.876460828076912, 
0.204205372147244, -0.163998733600388, 0.0366501088120378, 0.06079988093496, 
0.172790465779159, 0.0976540100481273, 0.226094259448338), .Dim = c(57L, 
1L)), structure(c(0.250511069656839, -0.00302371718112128, 0.0480436571983979, 
0.386246257528465, -0.0410877910695142, -0.0326467997703511, 
0.795671167427291, -0.221122463962337, -0.192518429995852, 0.260876699790381, 
0.150292232028309, 0.833745777893841, -0.0120444612030191, 0.358841089271955, 
0.128162174288046, 0.137464876550313, 0.0170068660680607, -0.133739634827794, 
-0.279010745671317, -0.0306470585480139, -0.0600298079862352, 
-0.46200389419819, -0.0758915734542109, -0.161089172907464, 0.0509484508141972, 
0.354242292728533, -0.162138879251505, 0.000429614885866822, 
-0.009380510190579, -0.441467595980586, -0.0878332057341565, 
0.517828274411199, 0.452585071162296, -0.974880062786369, 0.0326830734362403, 
0.174255554349162, -0.177543178046717, -0.46200389419819, -0.292327512636412, 
-0.019880207285125, -0.00762618308597897, 0.195936525361396, 
-0.265298008009775, -0.261102401193804, 0.138179832308033, -0.285922870929339, 
-0.707476252223351, 0.0962955002063168, -0.116823236836519, 0.876460828076912, 
-0.226522258838012, 0.220218245158159, 0.047870380258763, -0.18047579678345, 
-0.00758994944257926, -0.136614372629377, 0.00296641599827356
), .Dim = c(57L, 1L)), structure(c(-0.222502277945898, 0.150780118820146, 
0.239161755807505, -0.378802308557956, -0.209469738264064, -0.222883372434333, 
-0.806989786555758, 0.190339344097949, 0.144713770036466, -0.234256758358026, 
-0.0705808137016683, -0.840493416220427, -0.534094180397968, 
-0.353121830451561, -0.0700914441912578, -0.0872337781168945, 
0.185480418491934, 0.0761020563004337, 0.262991426789649, -0.476760653368556, 
-0.105211325319333, -0.431818313707963, -0.0360471360036822, 
0.0458495595282353, 0.298558464197157, -0.341402379873458, 0.100914121814032, 
0.175565569798071, 0.0874694225676657, -0.405142061547263, -0.119756976638841, 
0.514163621211322, -0.45992417767652, 0.974880062786369, 0.0614997789827622, 
-0.127975725061728, 0.130691630625884, 0.425657565610072, 0.278754182605343, 
-0.60755053186515, 0.15016481168224, -0.15630494098445, 0.236929497694929, 
0.248425446197077, -0.0447166051025892, 0.271771603211383, 0.688406839561261, 
-0.0204277507325845, 0.0292938213361774, 0.844562901442143, 0.198995646398642, 
-0.181691384809718, 0.0210091558504459, 0.0507552444796703, 0.161177212060902, 
0.0847604296554138, 0.215424188246365), .Dim = c(57L, 1L)), structure(c(0.188807339285496, 
-0.167403870375115, -0.250697807099976, 0.335451077798262, 0.175758644948554, 
0.185256175900231, 0.773572911033619, -0.209188095192109, -0.171377635905246, 
0.19762474945813, 0.0369093354518761, 0.807598679378321, 0.481918042206913, 
0.308896327326713, 0.0479725828875842, 0.0588428265169644, -0.213971446271812, 
-0.0984447014806141, -0.278543636815527, 0.422337155009131, 0.074858887021662, 
0.380685111736066, 0.00938381151126008, -0.0604558179945175, 
-0.313676468062183, 0.300089789202779, -0.123221004269183, -0.194026983180761, 
-0.109897025953936, -0.455561707469688, 0.0888555160309359, -0.562429774034846, 
-0.501494392056438, 0.97488006278637, -0.0775035163194762, 0.0972703911823206, 
-0.151183880180106, -0.476790767581969, -0.294095740930517, 0.563900594179406, 
-0.165920811359867, 0.123161887403683, -0.265099940208888, -0.258353334270075, 
0.0177798394253099, -0.287282355309563, 0.684317866061869, -0.00674323613499105, 
-0.0612052889682494, -0.876460828076912, -0.206967885278978, 
0.146927278544065, -0.0454150071562036, -0.0797423293303998, 
-0.179559784057906, -0.106948227157224, -0.233393583804243), .Dim = c(57L, 
1L)), structure(c(-0.314265236347865, -0.128148660194972, -0.109138104159918, 
0.330081219967784, -0.119775824123092, -0.30918181660873, -0.811863080902736, 
-0.148531141476468, 0.00803052054741565, -0.324936884131806, 
-0.206123840871074, 0.800851041051736, 0.468363732504836, 0.298627923857058, 
-0.0195792045243496, -0.016002410567686, -0.170358497106526, 
-0.0153750228014389, 0.103752822633948, -0.53006642877815, 0.050744796564554, 
-0.482340574525699, -0.0243563209683785, 0.0581833189591428, 
0.132749707719594, 0.300195017440851, -0.0508307711231621, 0.022584829269781, 
-0.0477328827801775, -0.460532956720041, 0.0910989712877265, 
0.485429329809058, -0.507127107345344, 0.974880062786369, -0.0441693498121801, 
-0.0529752171915792, 0.0134741861569165, 0.375135304792335, -0.240319237447004, 
0.556518201491026, -0.123764368804383, -0.229674175885331, -0.191921950822783, 
0.113842440177923, 0.00189040296044503, -0.233677537549266, 0.674646949640381, 
-0.029768587548774, -0.0599726482528321, 0.844562901442143, -0.149813516416417, 
-0.110426018579679, -0.0558587260794688, -0.153785271712128, 
0.0118795595509725, -0.0693503254925041, -0.175779542960053),