structure(c(-11.3253542897836, 0, 1), .Names = c("SES", "lower.p", 
"upper.p"))
