structure(c(0, 0.804195804195804, 0.391304347826087, 0, 0, 0.880434782608696, 
0.956521739130435, 0.133876600698487, 0, 0.260869565217391, 0.571428571428571, 
1, 0.278985507246377, 0, 0.0628637951105937, 0.251748251748252, 
0, 0.5, 0, 0, 0, 0, 0.0559440559440559, 0.0507246376811594, 0, 
0, 0.0253623188405797, 0, 0, 0.048951048951049, 0, 0, 0, 0.0144927536231884, 
0.0434782608695652, 0.282887077997672, 0.538461538461538, 0, 
0.5, 0.571428571428571, 0, 0, 0.0256111757857974, 0, 0, 0, 0.142857142857143, 
0, 0), .Dim = c(7L, 7L), .Dimnames = list(c("xgal", "csub", "xmon", 
"rhino", "chol", "lec", "phy"), c("xgal", "csub", "xmon", "rhino", 
"chol", "lec", "phy")))
