structure(c(1.00558564609704, 0.0489902012487178, 1.41712198423605, 
0.316408319156061, 1.41437007230952, -2.02734299359472, 1.1419767359471, 
1.37388438934209, 0.876593924184156, 0.247200516937194, 1.16188050291144, 
1.15356741441783, 0.700461740345287, 0.152059799396852, -0.820531434111221, 
-0.131564039799406, 1.5940328119093, -0.341545672656492, -0.559407847892093, 
0.772252379331667, 1.17664741989129, 0.650960473775004, -0.986199695146737, 
1.70075555193243, -1.67477698666294, 1.92039893118478, 1.84649483518549, 
-1.30134033501936, 0.547058972484385, 1.81527725748247, -0.32441329444891, 
-0.299858483426493, 0.722383389187623, 1.68752181301111, -2.94615554556088
), .Names = c("np12.4 1017", "np12.7 1017", "np13.10 1017", "np2.10 996", 
"np2.21 1000", "np2.27 1023", "np2.31 11", "np2.34 1000", "np2.7 1000", 
"np2.8 996", "np3.12 1000", "np3.36 1000", "np3.9 1008", "np4.13 1008", 
"np4.18 T6", "np4.23 1023", "np4.30 996", "np4.33 996", "np4.36 11", 
"np4.37 1008", "np4.8 1023", "np5.25 996", "np5.28 1008", "np5.29 11", 
"np6.19 T6", "np6.29 11", "np6.38 1023", "np6.5 1023", "np6.9 1008", 
"np7.39 11", "np7.5 1017", "np7.6 1017", "np7.7 1000", "np8.22 T6", 
"np9.21 T6"))
