structure(c(1.36091867317223, -0.195329628962607, NA, 1.06277181644502, 
-0.353338753592001, NaN, 1.43972729562374, 0.97826786489282, 
1.20262583034058, NA, NA, 0.306087427954587, 1.13295734311372, 
-1.6342759179647, 2.1020160523269, 0.0824200437389034, 1.1509290208355, 
NA, -0.858299275519608, 0.367457429324628, -2.39250554789065, 
-1.86944431557594, 2.44955783349997, -2.53916441982484, 1.95908669986387, 
1.95355143412845, -1.35134945253166, 1.13744254641868, 0.715910128314937, 
0.140027621357779, -2.17096395673345, -0.894662320996976, -0.306217949146379, 
0.673401279295531, 1.42024243211723), .Names = c("np12.4 1017", 
"np12.7 1017", "np13.10 1017", "np2.10 996", "np2.21 1000", "np2.27 1023", 
"np2.31 11", "np2.34 1000", "np2.7 1000", "np2.8 996", "np3.12 1000", 
"np3.36 1000", "np3.9 1008", "np4.13 1008", "np4.18 T6", "np4.23 1023", 
"np4.30 996", "np4.33 996", "np4.36 11", "np4.37 1008", "np4.8 1023", 
"np5.25 996", "np5.28 1008", "np5.29 11", "np6.19 T6", "np6.29 11", 
"np6.38 1023", "np6.5 1023", "np6.9 1008", "np7.39 11", "np7.5 1017", 
"np7.6 1017", "np7.7 1000", "np8.22 T6", "np9.21 T6"))
