structure(c(-2.28993820646654, -1.84739412280807, -2.05333464434636, 
0.249979166158818, 0.281115932663032, -1.74571959911452, -0.641723416610681, 
1.17104132192749, -1.13702047192599, -1.85455451901938, -3.62944765802479, 
-2.63630080161009, 0.145259573078945, -3.73129015417606, 0.662329487308687, 
0.375395696738296, -1.80763464307865, -0.000396372907612122, 
0.960803880444811, -0.437844563010893, 0.991972697336183, 0.335670818882396, 
-3.54477277794298, -5.65928985793615, -3.2223708665572, -6.16591333924239, 
-0.586079960137925, -0.999802329042357, 0.829156098378001, -3.12099210299436, 
1.79425760475829, -0.626210269402989, -1.70702296145943, 0.498888345711032, 
0.301910382788232), .Names = c("np12.4 1017", "np12.7 1017", 
"np13.10 1017", "np2.10 996", "np2.21 1000", "np2.27 1023", "np2.31 11", 
"np2.34 1000", "np2.7 1000", "np2.8 996", "np3.12 1000", "np3.36 1000", 
"np3.9 1008", "np4.13 1008", "np4.18 T6", "np4.23 1023", "np4.30 996", 
"np4.33 996", "np4.36 11", "np4.37 1008", "np4.8 1023", "np5.25 996", 
"np5.28 1008", "np5.29 11", "np6.19 T6", "np6.29 11", "np6.38 1023", 
"np6.5 1023", "np6.9 1008", "np7.39 11", "np7.5 1017", "np7.6 1017", 
"np7.7 1000", "np8.22 T6", "np9.21 T6"))
