structure(c(2.41586977265622, -1.66062890130285, 0.964508590620602, 
0.777988229413374, 0.252791096793924, -0.233000426429368, 0.95876926790556, 
0.856819104891777, -0.819766773031982, 0.0779556973671552, 1.50898567936161, 
0.610823359907658, 2.53161934180029, 0.118418131164426, 0.971766416663313, 
-0.780922614031904, 0.24260697352171, 2.97875771563353, 2.52677611493282, 
1.22134875804157, 1.60647334377755, 0.43008911923482, 0.924918128016734, 
0.859651511071366, -0.742407318851878, 2.29624445033804, 0.974464881236957, 
-1.1824428467722, 1.71106776026643, 1.93221567466913, 0.717357345243872, 
-1.25162668927215, -0.140786894394072, 0.958334412604635, 0.0877057463655622
), .Names = c("np12.4 1017", "np12.7 1017", "np13.10 1017", "np2.10 996", 
"np2.21 1000", "np2.27 1023", "np2.31 11", "np2.34 1000", "np2.7 1000", 
"np2.8 996", "np3.12 1000", "np3.36 1000", "np3.9 1008", "np4.13 1008", 
"np4.18 T6", "np4.23 1023", "np4.30 996", "np4.33 996", "np4.36 11", 
"np4.37 1008", "np4.8 1023", "np5.25 996", "np5.28 1008", "np5.29 11", 
"np6.19 T6", "np6.29 11", "np6.38 1023", "np6.5 1023", "np6.9 1008", 
"np7.39 11", "np7.5 1017", "np7.6 1017", "np7.7 1000", "np8.22 T6", 
"np9.21 T6"))
