structure(c(0.035, 0.039, 1, 0.4912, 0.2992, 1, 0.7572, 0.9598, 
0.7508, 1, 0.938, 1, 0.217, 0.5356, 0.9972, 0.0774, 0.714, 1, 
0.1808, 0.0578, 0.3952, 0.2632, 0.9518, 0, 0.7396, 0.3992, 0.366, 
0.1568, 0.9254, 0.2068, 0.0018, 0.0742, 0.7654, 0.806, 0.9998
), .Names = c("np12.4 1017", "np12.7 1017", "np13.10 1017", "np2.10 996", 
"np2.21 1000", "np2.27 1023", "np2.31 11", "np2.34 1000", "np2.7 1000", 
"np2.8 996", "np3.12 1000", "np3.36 1000", "np3.9 1008", "np4.13 1008", 
"np4.18 T6", "np4.23 1023", "np4.30 996", "np4.33 996", "np4.36 11", 
"np4.37 1008", "np4.8 1023", "np5.25 996", "np5.28 1008", "np5.29 11", 
"np6.19 T6", "np6.29 11", "np6.38 1023", "np6.5 1023", "np6.9 1008", 
"np7.39 11", "np7.5 1017", "np7.6 1017", "np7.7 1000", "np8.22 T6", 
"np9.21 T6"))
