structure(c(0.021, 0.0402, 0.0354, 0.5928, 0.5816, 0.037, 0.2546, 
0.89, 0.13, 0.0366, 4e-04, 0.0076, 0.5224, 2e-04, 0.7404, 0.6278, 
0.0438, 0.4838, 0.8258, 0.3182, 0.8466, 0.6218, 0, 0, 0.0034, 
0, 0.264, 0.1604, 0.7932, 0.0032, 0.974, 0.2632, 0.0576, 0.6634, 
0.6064), .Names = c("np12.4 1017", "np12.7 1017", "np13.10 1017", 
"np2.10 996", "np2.21 1000", "np2.27 1023", "np2.31 11", "np2.34 1000", 
"np2.7 1000", "np2.8 996", "np3.12 1000", "np3.36 1000", "np3.9 1008", 
"np4.13 1008", "np4.18 T6", "np4.23 1023", "np4.30 996", "np4.33 996", 
"np4.36 11", "np4.37 1008", "np4.8 1023", "np5.25 996", "np5.28 1008", 
"np5.29 11", "np6.19 T6", "np6.29 11", "np6.38 1023", "np6.5 1023", 
"np6.9 1008", "np7.39 11", "np7.5 1017", "np7.6 1017", "np7.7 1000", 
"np8.22 T6", "np9.21 T6"))
