structure(c(-2.33155863866974, -5.70543752700682, -9.37012730737193, 
NA, -1.01652299009957, -3.82838107307244, NA, -5.97503778137356, 
-6.59398302522978, -1.4452092428882, -4.8978312070057, NA, 1.16856448369998, 
-3.14060578690243, -2.08045403273627, -5.07771615069843, -7.59935631682629, 
-3.17941530355862, -10.4054022283904, -3.35568901806828, -1.81189349711129, 
NA, -5.41957205145051, -10.0003184503326, -10.5146196423956, 
NA, -7.42580803878044, -8.55693764972555, -5.20159905842031, 
-4.8344129126525, -7.52174890614749, -1.04901705766103, NA, NA, 
-5.13463663660714, -4.27585197181856, -4.01955237077078, NA, 
-7.42604951518829, NA, -5.86722860026104, -5.78959360111181, 
-10.0603086015937, -7.22468184651187, -1.82651579209992, -8.58412388195726, 
NA, -5.13780242886728, -4.5692494098336, NA, -7.25942643958677, 
-2.45425751009955, -4.45126444185947, -8.11399852741811, -7.23615674636526, 
-3.77393062108999, -9.39268609595461), .Names = c("N1.10 996", 
"N1.11 T6", "N1.24 1017", "N1.27 1023", "N1.28 999", "N1.34 996", 
"N1.36 11", "N1.4 1017", "N1.5 T6", "N1.7 T6", "N1.8 1017", "N2.10 996", 
"N2.11 1012", "N2.12 1023", "N2.14 1023", "N2.15 1017", "N2.16 996", 
"N2.17 1012", "N2.20 1012", "N2.25 1008", "N2.28 WC5", "N2.29 996", 
"N2.3 1017", "N2.31 WC5", "N2.33 11", "N2.35 11", "N2.4 996", 
"N2.45 1012", "N3.13 1017", "N3.17 1008", "N3.2 11", "N3.3 1007", 
"N3.31 1007", "N3.6 996", "N4.12 WC5", "N4.14 1008", "N4.16 H10", 
"N4.18 1007", "N4.20 1023", "N4.24 10", "N4.26 999", "N4.30 11", 
"N5.12 1005", "N5.13 1005", "N5.17 10", "N5.2 1008", "N5.26 999", 
"N5.5 1005", "N6.10 10", "N6.17 996", "N6.4 H10", "N6.6 1005", 
"N6.9 1008", "N7.10 10", "N7.3 1008", "N7.7 H10", "N7.8 WC5"))
