structure(c(0.2292, 0.01, 0, 0, 1, 0.0518, 1, 0, 1, 0, 1, 0, 
0.0236, 1, 0.0494, 0, 1, 0.0628, 0.001, 0.001, 0, 1, 0, 0.0136, 
0, 0.0032, 0.0236, 1, 1, 0.0012, 0.1506, 0, 0.0088, 0, 1, 0, 
0, 0.0024, 0, 0, 0, 0.4014, 1, 1, 0, 4e-04, 4e-04, 0, 0.1466, 
1, 0, 1, 0, 0, 0, 0, 4e-04, 0, 0.0208, 0, 1, 0.0926, 0, 0, 1, 
0, 0, 0.0016, 1, 0, 0, 0, 0.001, 1, 0, 0, 0.0474, 1, 1, 1, 1, 
1), .Names = c("N1.10 2011 996", "N1.11 2010 T6", "N1.11 2011 T6", 
"N1.24 2011 1017", "N1.27 2011 1023", "N1.28 2011 999", "N1.31 2011 1008", 
"N1.34 2011 996", "N1.36 2011 11", "N1.4 2011 1017", "N1.5 2010 T6", 
"N1.5 2011 T6", "N1.7 2010 T6", "N1.7 2011 T6", "N1.8 2010 1017", 
"N1.8 2011 1017", "N2.10 2011 996", "N2.11 2011 1012", "N2.12 2011 1023", 
"N2.14 2011 1023", "N2.15 2010 1017", "N2.15 2011 1017", "N2.16 2011 996", 
"N2.17 2011 1012", "N2.20 2011 1012", "N2.25 2011 1008", "N2.28 2010 WC5", 
"N2.28 2011 WC5", "N2.29 2011 996", "N2.3 2010 1017", "N2.3 2011 1017", 
"N2.31 2010 WC5", "N2.31 2011 WC5", "N2.33 2011 11", "N2.35 2011 11", 
"N2.4 2011 996", "N2.45 2011 1012", "N3.13 2010 1017", "N3.13 2011 1017", 
"N3.17 2011 1008", "N3.2 2011 11", "N3.3 2011 1007", "N3.31 2011 1007", 
"N3.6 2011 996", "N4.12 2010 WC5", "N4.12 2011 WC5", "N4.14 2011 1008", 
"N4.16 2010 H10", "N4.16 2011 H10", "N4.18 2011 1007", "N4.20 2011 1023", 
"N4.24 2011 10", "N4.26 2011 999", "N4.30 2011 11", "N5.12 2010 1005", 
"N5.12 2011 1005", "N5.13 2010 1005", "N5.13 2011 1005", "N5.17 2011 10", 
"N5.2 2011 1008", "N5.26 2011 999", "N5.5 2010 1005", "N5.5 2011 1005", 
"N6.10 2011 10", "N6.17 2011 996", "N6.4 2010 H10", "N6.4 2011 H10", 
"N6.6 2010 1005", "N6.6 2011 1005", "N6.9 2011 1008", "N7.10 2011 10", 
"N7.3 2011 1008", "N7.7 2010 H10", "N7.7 2011 H10", "N7.8 2010 WC5", 
"N7.8 2011 WC5", "NP4.40 2011 10", "NP4.41 2011 1008", "NP5.29 2011 11", 
"NP5.33 2011 1023", "NP5.38 2011 1007", "NP5.43 2011 10"))
