structure(c(NA, -2.64575237855969, -3.00022879487847, -4.10774514129962, 
-5.12383402141965, -5.06217714751429, NA, NA, -1.01258020991202, 
NA, NA, NA, -3.7524337170051, NA, NA, NA, -3.72503388650124, 
-1.55696176418164, -1.87067232461096, NA, NA, -5.50676577647953, 
-2.71894050936824, NA, -3.68448880562725, -4.57985366976215, 
NA, NA, 0.259274071217117, -0.208675792094689, -3.1107307530776, 
NA, -1.80427232350652, -2.83233473623247, -3.42663429282308, 
NA, -4.96494496390207, NA, NA, -2.96897461776838, -5.10801305926956, 
-7.90764939794503, -4.82619161702851, NA, -1.8865177515101, NA, 
NA, NA, -5.42508002097997, -1.93409445163398, -11.5859302179297, 
-3.14317729365283, -8.29527346258877, -3.32580749076011, NA, 
NA, -6.24791913412382, -2.76402518281157, -5.32246185152371, 
-2.62856138922012, -5.53745762534802, -2.79440652872749, -2.94387036481676, 
-5.22199289389989, -8.60721633405848, NA, -5.10935535983902, 
-2.41492130834761, NA, -1.03333332786773, NA, NA, NA, NA, -3.9495399155636, 
-3.49778744776246, -3.19185011578701, NA, -2.46076854957788, 
-1.47844865398934, NA, NA, -3.95829677289001, -5.68723682343718, 
NA, NA, -4.08377529772602, NA, NA, -3.1906576888453, -6.13311125207628, 
-6.77791457683411, -3.48719603415979, -8.69486195370846, -4.04681733297606, 
NA, -5.0846879356938, -6.05056444185974, NA, NA, -1.85830085134523, 
-4.12498995928748, NA, -4.45866973488602, -6.07863653351938, 
-3.214198209753, NA, NA, -5.03001713384882, -5.57233235091201, 
-2.84645119253877, NA, -4.36186250089796, -2.18300585416393, 
-7.28447623877272, -2.52131266277152, -5.97708247135361, -3.09253244576431, 
-4.23800057539958, NA, -5.11966690423522, -6.20859211592128), .Names = c("N1.10 2011 n45.55", 
"N1.10 2011 n80.90", "N1.11 2010 n45.55", "N1.11 2011 n80.90", 
"N1.24 2011 n45.55", "N1.24 2011 n80.90", "N1.27 2011 n45.55", 
"N1.27 2011 n80.90", "N1.28 2011 n45.55", "N1.28 2011 n80.90", 
"N1.31 2011 n45.55", "N1.31 2011 n80.90", "N1.34 2011 n45.55", 
"N1.34 2011 n80.90", "N1.36 2011 n45.55", "N1.36 2011 n80.90", 
"N1.4 2011 n45.55", "N1.4 2011 n80.90", "N1.40 2010 n45.55", 
"N1.40 2011 n80.90", "N1.5 2010 n45.55", "N1.5 2011 n80.90", 
"N1.7 2010 n45.55", "N1.7 2011 n80.90", "N1.8 2010 n45.55", "N1.8 2011 n80.90", 
"N2.10 2011 n45.55", "N2.10 2011 n80.90", "N2.11 2011 n45.55", 
"N2.11 2011 n80.90", "N2.12 2011 n45.55", "N2.12 2011 n80.90", 
"N2.14 2011 n45.55", "N2.14 2011 n80.90", "N2.15 2010 n45.55", 
"N2.15 2011 n80.90", "N2.16 2011 n45.55", "N2.16 2011 n80.90", 
"N2.17 2011 n45.55", "N2.17 2011 n80.90", "N2.20 2011 n45.55", 
"N2.20 2011 n80.90", "N2.25 2011 n45.55", "N2.25 2011 n80.90", 
"N2.28 2010 n45.55", "N2.28 2011 n80.90", "N2.29 2011 n45.55", 
"N2.29 2011 n80.90", "N2.3 2010 n45.55", "N2.3 2011 n80.90", 
"N2.31 2010 n45.55", "N2.31 2011 n80.90", "N2.33 2011 n45.55", 
"N2.33 2011 n80.90", "N2.35 2011 n45.55", "N2.35 2011 n80.90", 
"N2.4 2011 n45.55", "N2.4 2011 n80.90", "N2.44 2010 n45.55", 
"N2.44 2011 n80.90", "N2.45 2011 n45.55", "N2.45 2011 n80.90", 
"N3.13 2010 n45.55", "N3.13 2011 n80.90", "N3.17 2011 n45.55", 
"N3.17 2011 n80.90", "N3.2 2011 n45.55", "N3.2 2011 n80.90", 
"N3.3 2011 n45.55", "N3.3 2011 n80.90", "N3.31 2011 n45.55", 
"N3.31 2011 n80.90", "N3.6 2011 n45.55", "N3.6 2011 n80.90", 
"N4.12 2010 n45.55", "N4.12 2011 n80.90", "N4.14 2011 n45.55", 
"N4.14 2011 n80.90", "N4.16 2010 n45.55", "N4.16 2011 n80.90", 
"N4.18 2011 n45.55", "N4.18 2011 n80.90", "N4.20 2011 n45.55", 
"N4.20 2011 n80.90", "N4.24 2011 n45.55", "N4.24 2011 n80.90", 
"N4.26 2011 n45.55", "N4.26 2011 n80.90", "N4.30 2011 n45.55", 
"N4.30 2011 n80.90", "N5.12 2010 n45.55", "N5.12 2011 n80.90", 
"N5.13 2010 n45.55", "N5.13 2011 n80.90", "N5.17 2011 n45.55", 
"N5.17 2011 n80.90", "N5.2 2011 n45.55", "N5.2 2011 n80.90", 
"N5.26 2011 n45.55", "N5.26 2011 n80.90", "N5.5 2010 n45.55", 
"N5.5 2011 n80.90", "N6.10 2011 n45.55", "N6.10 2011 n80.90", 
"N6.16 2010 n45.55", "N6.16 2011 n80.90", "N6.17 2011 n45.55", 
"N6.17 2011 n80.90", "N6.4 2010 n45.55", "N6.4 2011 n80.90", 
"N6.6 2010 n45.55", "N6.6 2011 n80.90", "N6.9 2011 n45.55", "N6.9 2011 n80.90", 
"N7.10 2011 n45.55", "N7.10 2011 n80.90", "N7.3 2011 n45.55", 
"N7.3 2011 n80.90", "N7.7 2010 n45.55", "N7.7 2011 n80.90", "N7.8 2010 n45.55", 
"N7.8 2011 n80.90"))
