structure(c(14.28125, 0.09375, 37.5625, 8, 9.3125, 0, 1.6875, 
28.25, 0.90625, 0, 2.1875, 9.65625, 73.84375, 45.53125), .Names = c("gnu.13", 
"gnu.16", "gnu.19", "gnu.37", "gnu.59", "gnu.68.ramet", "gnu.76", 
"gnu.85", "ll.1", "ll.2", "ll.3", "ll.4", "ll.5", "ll.7"))
