structure(c(0.0218, 0, 0, 1, 0.381, 2e-04, 1, 0, 0, 0.1516, 0, 
1, 1, 0.0022, 0.0216, 0, 0, 8e-04, 0, 0.002, 0.0606, 1, 0, 0, 
0, 1, 0, 0, 0, 2e-04, 0, 0.3956, 1, 1, 0, 0, 0, 1, 0, 1, 0, 0, 
0, 0, 0.0484, 0, 1, 0, 0, 1, 0, 0.007, 0, 0, 0, 2e-04, 0), .Names = c("N1.10 996", 
"N1.11 T6", "N1.24 1017", "N1.27 1023", "N1.28 999", "N1.34 996", 
"N1.36 11", "N1.4 1017", "N1.5 T6", "N1.7 T6", "N1.8 1017", "N2.10 996", 
"N2.11 1012", "N2.12 1023", "N2.14 1023", "N2.15 1017", "N2.16 996", 
"N2.17 1012", "N2.20 1012", "N2.25 1008", "N2.28 WC5", "N2.29 996", 
"N2.3 1017", "N2.31 WC5", "N2.33 11", "N2.35 11", "N2.4 996", 
"N2.45 1012", "N3.13 1017", "N3.17 1008", "N3.2 11", "N3.3 1007", 
"N3.31 1007", "N3.6 996", "N4.12 WC5", "N4.14 1008", "N4.16 H10", 
"N4.18 1007", "N4.20 1023", "N4.24 10", "N4.26 999", "N4.30 11", 
"N5.12 1005", "N5.13 1005", "N5.17 10", "N5.2 1008", "N5.26 999", 
"N5.5 1005", "N6.10 10", "N6.17 996", "N6.4 H10", "N6.6 1005", 
"N6.9 1008", "N7.10 10", "N7.3 1008", "N7.7 H10", "N7.8 WC5"))
