structure(c(-1.54038887626211, -4.95856203817212, -7.35037018719212, 
NA, -1.89492212812387, NA, -4.41636306901209, NA, -5.68050981406657, 
NA, -5.93570670976989, NA, -6.53831079601251, NA, -0.269169295151155, 
-3.49201277768974, -2.70950055517526, NA, -7.02578619561517, 
-3.15993951996917, -10.2859694869455, -3.34303358892014, NA, 
NA, -1.00485519351496, -4.06179051750388, -9.36565446576709, 
NA, -7.16026108899843, -2.35474116019489, -7.51027428703864, 
-4.70036565937844, -6.19232811971783, -8.13537073873369, -1.62661591973529, 
NA, NA, -3.18132761420457, -3.56741329296414, -2.20949106136167, 
NA, -7.58716801983466, NA, -4.55336983725112, -5.66179039698497, 
-4.56805623510453, -8.57399583748011, -2.73751779625908, -7.94290222635042, 
NA, -4.92577532940085, -3.95160812901482, -3.36166365240615, 
NA, -5.67782806896143, NA, -4.64205765052365, -9.30429454129624, 
-7.845038360873, NA, -6.61321026327092), .Names = c("N1.10 2011", 
"N1.11 2011", "N1.24 2011", "N1.27 2011", "N1.28 2011", "N1.31 2011", 
"N1.34 2011", "N1.36 2011", "N1.4 2011", "N1.40 2011", "N1.5 2011", 
"N1.7 2011", "N1.8 2011", "N2.10 2011", "N2.11 2011", "N2.12 2011", 
"N2.14 2011", "N2.15 2011", "N2.16 2011", "N2.17 2011", "N2.20 2011", 
"N2.25 2011", "N2.28 2011", "N2.29 2011", "N2.3 2011", "N2.31 2011", 
"N2.33 2011", "N2.35 2011", "N2.4 2011", "N2.44 2011", "N2.45 2011", 
"N3.13 2011", "N3.17 2011", "N3.2 2011", "N3.3 2011", "N3.31 2011", 
"N3.6 2011", "N4.12 2011", "N4.14 2011", "N4.16 2011", "N4.18 2011", 
"N4.20 2011", "N4.24 2011", "N4.26 2011", "N4.30 2011", "N5.12 2011", 
"N5.13 2011", "N5.17 2011", "N5.2 2011", "N5.26 2011", "N5.5 2011", 
"N6.10 2011", "N6.16 2011", "N6.17 2011", "N6.4 2011", "N6.6 2011", 
"N6.9 2011", "N7.10 2011", "N7.3 2011", "N7.7 2011", "N7.8 2011"
))
