structure(c(41, 28, 34, 50, 45, 47, 49, 49, 44, 47, 0, 8, 49, 
49, 49, 50, 48, 36, 1, 1, 39, 6, 6, 23, 25, 18, 3, 14, 0, 0, 
3, 0, 9, 7, 20, 18, 1, 4, 0, 0, 2, 1, 2, 16, 10, 4, 0, 0, 1, 
0, 0, 14, 0, 10, 19, 2, 5, 6, 0, 0, 19, 19, 1, 2, 0, 0, 0, 0, 
0, 0, 0, 2, 1, 0, 0, 0, 0, 0, 0, 3, 16, 30, 25, 9, 0, 0, 0, 0, 
0, 0, 1, 0, 0, 1, 0, 0, 0, 0, 0, 0, 0, 0, 0, 0, 0, 0, 0, 0, 3, 
4, 5, 0, 0, 0, 0, 0, 0, 0, 0, 0, 0, 0, 0, 0, 0, 0, 0, 5, 0, 0, 
0, 0, 0, 0, 0, 0, 0, 0, 2, 0, 5, 1, 0, 1, 15, 2, 31, 12, 47, 
16, 0, 0, 35, 21, 11, 9, 5, 0, 0, 0, 23, 1, 1, 17, 2, 6, 15, 
0, 0, 0, 0, 0, 0, 0, 0, 0, 1, 0, 0, 0, 0, 0, 4, 17, 0, 0, 0, 
0, 0, 1, 0, 0, 0, 0, 0, 0), .Dim = c(28L, 7L), .Dimnames = list(
    c("gnu.13_n45.55", "gnu.13_n80.90", "gnu.16_n45.55", "gnu.16_n80.90", 
    "gnu.19_n45.55", "gnu.19_n80.90", "gnu.37_n45.55", "gnu.37_n80.90", 
    "gnu.59_n45.55", "gnu.59_n80.90", "gnu.68.ramet_n45.55", 
    "gnu.68.ramet_n80.90", "gnu.76_n45.55", "gnu.76_n80.90", 
    "gnu.85_n45.55", "gnu.85_n80.90", "ll.1_n45.55", "ll.1_n80.90", 
    "ll.2_n45.55", "ll.2_n80.90", "ll.3_n45.55", "ll.3_n80.90", 
    "ll.4_n45.55", "ll.4_n80.90", "ll.5_n45.55", "ll.5_n80.90", 
    "ll.7_n45.55", "ll.7_n80.90"), c("xgal", "csub", "xmon", 
    "rhino", "chol", "lec", "phy")))
